theta <- c(1.23418645,  1.52583452,  1.25706844,  1.38109885,  1.43554437,
           0.88675089,  0.81482692,  1.01043299,  0.61860507,  0.6424324 ,
           0.33660988,  0.27319474,  0.17496905,  1.57079633,  1.08318008,
           1.2714623 ,  1.43795271,  1.26688685,  1.38109885,  1.43030663,
           1.57079633,  1.21825438,  1.28002518,  0.08146894,  1.29159382,
           0.90560027,  1.11787411,  1.30506721,  0.70363895,  1.00193587,
           0.71262239,  0.96016821,  0.53538306,  0.77519337,  0.70051615,
           0.55759883,  0.38400234,  0.59745958,  0.39810396,  0.29712252,
           0.96016821,  1.26568564,  0.46529574,  1.32703403,  1.57079633,
           1.16954918,  1.32205628,  1.4534863 ,  1.01058064,  1.01781597,
           1.34235933,  0.84695707,  0.86676237,  0.69143955,  0.88931936,
           1.07231589,  0.70439919,  0.54488653,  0.85464286,  0.61062811,
           0.30449629,  1.47012257,  1.5059986 ,  1.57079633,  1.05599037,
           1.34809704,  0.92849181,  0.9853926 ,  1.09636552,  0.85749964,
           0.97333675,  0.62955368,  0.48761624,  1.50757181,  1.35676834,
           1.47046098,  1.1210755 ,  1.03420691,  0.94685624,  0.69931617,
           1.57079633,  1.47741017,  0.15290741,  1.39166572,  1.1455244 ,
           0.86715738,  0.51546654,  0.42667772,  1.57079633,  1.16357543,
           1.32277474,  1.51584517,  1.57079633,  1.38455756,  1.45109439,
           1.57079633,  1.16909899,  0.1732103 ,  0.11537217,  1.04623262,
           1.40892577,  0.91965887,  1.01034988,  0.81875624,  0.96175972,
           0.5982291 ,  0.7429744 ,  0.64710689,  0.88689213,  0.36790038,
           1.57079633,  1.40676239,  1.57079633,  0.6337324 ,  0.15191361,
           1.29884905,  1.11494658,  0.88102133,  1.145717  ,  0.77746132,
           0.80298973,  0.97387432,  0.82166183,  0.57502012,  1.57079633,
           0.95531662,  0.        ,  1.42518709,  1.57079633,  1.0259098 ,
           1.23809371,  0.07840635,  1.07317765,  1.5253496 ,  1.53001113,
           0.52659025,  1.10244824,  0.96805255,  1.3833    ,  0.72344198,
           1.10990167,  0.20495115,  0.03709645,  1.45467867,  0.80323713,
           1.15231721,  1.0544088 ,  0.78034757,  0.52389849,  0.7967998 ,
           1.53060834,  0.95654052,  0.90330108,  0.5733295 ,  0.689775  ,
           0.43054377,  0.17610783,  0.98597256,  1.16404448,  0.92972199,
           1.18480956,  0.76025937,  0.74758435,  0.65793511,  0.74399749,
           0.84824574,  1.21073446,  0.61963311,  1.20175425,  0.29898155,
           1.52071277,  0.75890602,  0.41236418,  0.51640856,  0.35211174,
           0.13298738,  1.08893704,  0.88254085,  1.25533758,  1.57079633,
           1.30963892,  0.6847192 ,  0.33983691,  1.43558301,  0.43410463,
           1.24431365,  0.89999452,  0.57618336,  0.50282167,  0.8527358 ,
           1.37291823,  1.17601805,  0.43119854,  0.07188416,  1.12059118,
           1.3890966 ,  0.21638433,  1.02192612,  0.6431717 ,  1.2252965 ,
           1.37885809,  1.52078329,  1.39582728,  1.57079633,  1.19700415,
           1.02132908,  0.75204009,  0.51480596,  0.38759669,  0.31982992,
           0.33983691,  1.07057876,  1.16642079,  1.25850688,  1.09931477,
           1.20895582,  1.4547764 ,  1.29515353,  1.44447246,  0.99520486,
           1.18319964,  0.61547971,  0.26572912,  0.1404897 ,  1.03372297,
           1.4306382 ,  0.66496368,  0.91153815,  1.23095942,  1.47305075,
           1.57079633,  1.57079633,  1.10076882,  1.2433419 ,  1.37144912,
           1.27367381,  0.82389773,  0.88607712,  0.44051066,  0.49848044,
           0.20135792,  0.10835955,  1.31827729,  1.18679398,  1.29688305,
           0.97405318,  0.43406252,  0.16187056,  1.49168776,  1.34334646,
           1.33931896,  1.50123544,  1.57079633,  1.05882364,  1.07991365,
           1.28255388,  1.36943841,  0.75596941,  1.11526297,  0.82782193,
           0.54946724,  0.34928257,  0.2756428 ,  0.13525196,  1.13028566,
           1.37713803,  1.44877765,  1.37210609,  1.15633859,  1.39758602,
           0.87042273,  0.89496869,  0.93706393,  0.54459495,  0.45553336,
           0.23147736,  1.18797001,  1.26336252,  1.40256017,  1.57079633,
           1.39758602,  1.57079633,  1.57079633,  1.03554019,  1.46934847,
           0.96386221,  0.98748461,  1.23418645,  0.72712681,  0.61547971,
           0.53213166,  0.24963295,  0.10170989)
